10000 0.262667
9999.96 0.262667
9999.89 0.525333
9999.78 0.787998
9999.63 1.05066
9999.44 1.31332
9999.22 1.57597
9998.96 1.83862
9998.66 2.10126
9998.33 2.3639
9997.96 2.62652
9997.55 2.88914
9997.1 3.15174
9996.62 3.41433
9996.1 3.67691
9995.54 3.93948
9994.95 4.20203
9994.32 4.46456
9993.65 4.72708
9992.94 4.98958
9992.2 5.25205
9991.42 5.51451
9990.6 5.77695
9989.75 6.03936
9988.86 6.30175
9987.93 6.56412
9986.96 6.82646
9985.96 7.08878
9984.92 7.35106
9983.85 7.61332
9982.73 7.87555
9981.58 8.13775
9980.39 8.39991
9979.17 8.66204
9977.91 8.92414
9976.61 9.18621
9975.27 9.44823
9973.9 9.71022
9972.49 9.97218
9971.04 10.2341
9969.56 10.496
9968.03 10.7578
9966.48 11.0196
9964.88 11.2813
9963.25 11.543
9961.58 11.8047
9959.87 12.0663
9958.13 12.3279
9956.35 12.5894
9954.53 12.8508
9952.68 13.1122
9950.79 13.3736
9948.86 13.6349
9946.89 13.8962
9944.89 14.1574
9942.85 14.4185
9940.77 14.6796
9938.66 14.9406
9936.51 15.2016
9934.32 15.4625
9932.1 15.7234
9929.84 15.9841
9927.54 16.2449
9925.21 16.5055
9922.84 16.7661
9920.43 17.0266
9917.99 17.2871
9915.5 17.5475
9912.99 17.8078
9910.43 18.068
9907.84 18.3282
9905.21 18.5883
9902.54 18.8484
9899.84 19.1083
9897.1 19.3682
9894.33 19.628
9891.51 19.8877
9888.66 20.1474
9885.78 20.4069
9882.86 20.6664
9879.9 20.9258
9876.9 21.1851
9873.87 21.4444
9870.8 21.7035
9867.69 21.9626
9864.55 22.2216
9861.37 22.4804
9858.16 22.7392
9854.9 22.9979
9851.61 23.2566
9848.29 23.5151
9844.93 23.7735
9841.53 24.0318
9838.09 24.2901
9834.62 24.5482
9831.11 24.8062
9827.57 25.0642
9823.99 25.322
9820.37 25.5798
9816.72 25.8374
9813.03 26.0949
9809.3 26.3523
9805.54 26.6097
9801.74 26.8669
9797.9 27.124
9794.03 27.381
9790.12 27.6379
9786.17 27.8947
9782.19 28.1513
9778.18 28.4079
9774.12 28.6643
9770.03 28.9206
9765.91 29.1768
9761.74 29.4329
9757.54 29.6889
9753.31 29.9447
9749.04 30.2005
9744.73 30.4561
9740.39 30.7116
9736.01 30.9669
9731.59 31.2222
9727.14 31.4773
9722.65 31.7322
9718.13 31.9871
9713.57 32.2418
9708.97 32.4964
9704.34 32.7509
9699.68 33.0052
9694.97 33.2594
9690.23 33.5135
9685.46 33.7674
9680.65 34.0212
9675.8 34.2748
9670.92 34.5284
9666 34.7817
9661.04 35.035
9656.05 35.2881
9651.03 35.541
9645.96 35.7938
9640.87 36.0465
9635.73 36.299
9630.56 36.5513
9625.36 36.8035
9620.12 37.0556
9614.84 37.3075
9609.53 37.5593
9604.18 37.8109
9598.8 38.0623
9593.38 38.3136
9587.93 38.5648
9582.44 38.8158
9576.91 39.0666
9571.35 39.3173
9565.76 39.5678
9560.13 39.8181
9554.46 40.0683
9548.76 40.3183
9543.02 40.5682
9537.25 40.8178
9531.44 41.0674
9525.6 41.3167
9519.72 41.5659
9513.81 41.8149
9507.86 42.0638
9501.87 42.3124
9495.85 42.5609
9489.8 42.8092
9483.71 43.0574
9477.59 43.3053
9471.43 43.5531
9465.23 43.8007
9459 44.0482
9452.74 44.2954
9446.44 44.5425
9440.11 44.7894
9433.74 45.036
9427.33 45.2826
9420.89 45.5289
9414.42 45.775
9407.91 46.021
9401.37 46.2667
9394.79 46.5123
9388.18 46.7577
9381.53 47.0028
9374.85 47.2478
9368.13 47.4926
9361.38 47.7372
9354.6 47.9816
9347.78 48.2258
9340.92 48.4698
9334.03 48.7136
9327.11 48.9572
9320.15 49.2006
9313.16 49.4437
9306.13 49.6867
9299.07 49.9295
9291.97 50.172
9284.84 50.4144
9277.68 50.6565
9270.48 50.8985
9263.25 51.1402
9255.98 51.3817
9248.68 51.623
9241.35 51.8641
9233.98 52.1049
9226.58 52.3456
9219.14 52.586
9211.67 52.8262
9204.17 53.0662
9196.63 53.3059
9189.05 53.5455
9181.45 53.7848
9173.81 54.0239
9166.13 54.2627
9158.43 54.5014
9150.68 54.7398
9142.91 54.9779
9135.1 55.2159
9127.26 55.4536
9119.38 55.6911
9111.47 55.9283
9103.53 56.1653
9095.55 56.4021
9087.54 56.6386
9079.5 56.8749
9071.42 57.111
9063.31 57.3468
9055.17 57.5824
9046.99 57.8177
9038.78 58.0528
9030.54 58.2876
9022.26 58.5222
9013.95 58.7565
9005.61 58.9906
8997.24 59.2245
8988.83 59.4581
8980.39 59.6914
8971.91 59.9245
8963.4 60.1573
8954.86 60.3899
8946.29 60.6222
8937.68 60.8543
8929.05 61.0861
8920.37 61.3176
8911.67 61.5489
8902.93 61.7799
8894.16 62.0107
8885.36 62.2412
8876.53 62.4714
8867.66 62.7014
8858.76 62.9311
8849.83 63.1605
8840.86 63.3896
8831.87 63.6185
8822.84 63.8471
8813.77 64.0754
8804.68 64.3035
8795.55 64.5313
8786.4 64.7588
8777.21 64.986
8767.98 65.213
8758.73 65.4397
8749.44 65.666
8740.12 65.8922
8730.77 66.118
8721.39 66.3435
8711.98 66.5688
8702.53 66.7937
8693.05 67.0184
8683.54 67.2428
8674 67.4669
8664.43 67.6907
8654.82 67.9142
8645.19 68.1375
8635.52 68.3604
8625.82 68.583
8616.09 68.8053
8606.33 69.0274
8596.54 69.2491
8586.71 69.4706
8576.85 69.6917
8566.97 69.9125
8557.05 70.1331
8547.1 70.3533
8537.12 70.5732
8527.11 70.7928
8517.07 71.0121
8506.99 71.2311
8496.89 71.4498
8486.75 71.6682
8476.59 71.8863
8466.39 72.104
8456.16 72.3215
8445.9 72.5386
8435.61 72.7554
8425.29 72.9719
8414.94 73.188
8404.56 73.4039
8394.15 73.6194
8383.71 73.8346
8373.24 74.0495
8362.73 74.264
8352.2 74.4783
8341.64 74.6922
8331.04 74.9058
8320.42 75.119
8309.77 75.3319
8299.08 75.5445
8288.37 75.7568
8277.63 75.9687
8266.85 76.1803
8256.05 76.3915
8245.22 76.6024
8234.35 76.813
8223.46 77.0233
8212.54 77.2332
8201.59 77.4427
8190.6 77.6519
8179.59 77.8608
8168.55 78.0693
8157.48 78.2775
8146.38 78.4854
8135.25 78.6928
8124.1 78.9
8112.91 79.1068
8101.69 79.3132
8090.45 79.5193
8079.17 79.7251
8067.87 79.9304
8056.54 80.1355
8045.17 80.3401
8033.78 80.5445
8022.36 80.7484
8010.91 80.952
7999.44 81.1553
7987.93 81.3581
7976.4 81.5607
7964.83 81.7628
7953.24 81.9646
7941.62 82.166
7929.97 82.3671
7918.3 82.5678
7906.59 82.7681
7894.86 82.968
7883.1 83.1676
7871.31 83.3668
7859.49 83.5657
7847.64 83.7641
7835.77 83.9622
7823.87 84.1599
7811.94 84.3573
7799.98 84.5542
7787.99 84.7508
7775.98 84.947
7763.94 85.1428
7751.87 85.3382
7739.77 85.5333
7727.65 85.728
7715.5 85.9222
7703.32 86.1161
7691.12 86.3096
7678.88 86.5028
7666.62 86.6955
7654.33 86.8878
7642.02 87.0798
7629.68 87.2713
7617.31 87.4625
7604.91 87.6533
7592.49 87.8436
7580.04 88.0336
7567.56 88.2232
7555.06 88.4124
7542.53 88.6011
7529.97 88.7895
7517.39 88.9775
7504.78 89.1651
7492.14 89.3522
7479.48 89.539
7466.79 89.7254
7454.08 89.9113
7441.33 90.0969
7428.57 90.282
7415.77 90.4667
7402.95 90.651
7390.11 90.835
7377.23 91.0184
7364.34 91.2015
7351.41 91.3842
7338.46 91.5664
7325.49 91.7483
7312.49 91.9297
7299.46 92.1107
7286.41 92.2913
7273.33 92.4714
7260.23 92.6512
7247.1 92.8305
7233.95 93.0094
7220.77 93.1879
7207.56 93.3659
7194.33 93.5435
7181.08 93.7207
7167.8 93.8975
7154.5 94.0738
7141.17 94.2497
7127.81 94.4252
7114.44 94.6002
7101.03 94.7749
7087.61 94.949
7074.15 95.1228
7060.73 94.8996
7047.34 94.6767
7033.98 94.4539
7020.66 94.2314
7007.36 94.009
6994.1 93.7868
6980.87 93.5648
6967.61 93.7402
6954.39 93.5179
6941.19 93.2959
6928.03 93.074
6914.9 92.8524
6901.8 92.6309
6888.73 92.4097
6875.69 92.1886
6862.69 91.9677
6849.65 92.1449
6836.65 91.9238
6823.69 91.7029
6810.75 91.4821
6797.84 91.2616
6784.97 91.0412
6772.12 90.8211
6759.31 90.6011
6746.47 90.78
6733.66 90.5598
6720.89 90.3397
6708.14 90.1199
6695.43 89.9003
6682.75 89.6808
6670.1 89.4616
6657.47 89.2425
6644.83 89.423
6632.21 89.2037
6619.63 88.9846
6607.07 88.7657
6594.55 88.547
6582.06 88.3285
6569.6 88.1102
6557.17 87.892
6544.71 88.0741
6532.29 87.8558
6519.9 87.6376
6507.53 87.4196
6495.2 87.2018
6482.9 86.9842
6470.63 86.7668
6458.39 86.5496
6446.12 86.7333
6433.89 86.5158
6421.68 86.2986
6409.51 86.0815
6397.37 85.8646
6385.25 85.6479
6373.17 85.4314
6361.06 85.6165
6348.99 85.3998
6336.94 85.1832
6324.92 84.9669
6312.94 84.7507
6300.98 84.5348
6289.06 84.319
6277.17 84.1034
6265.24 84.2901
6253.35 84.0743
6241.5 83.8587
6229.67 83.6432
6217.87 83.428
6206.1 83.2129
6194.36 82.9981
6182.6 83.1861
6170.86 82.971
6159.16 82.7561
6147.49 82.5414
6135.84 82.3269
6124.23 82.1126
6112.65 81.8984
6101.04 82.0878
6089.46 81.8734
6077.91 81.6592
6066.4 81.4453
6054.91 81.2315
6043.45 81.0178
6032.02 80.8044
6020.57 80.9951
6009.14 80.7815
5997.75 80.568
5986.39 80.3547
5975.05 80.1417
5963.75 79.9288
5952.42 80.1205
5941.12 79.9074
5929.85 79.6944
5918.61 79.4817
5907.4 79.2691
5896.22 79.0568
5885.07 78.8446
5873.89 79.0377
5862.74 78.8253
5851.62 78.613
5840.54 78.401
5829.48 78.1892
5818.45 77.9775
5807.39 78.1716
5796.37 77.9597
5785.37 77.748
5774.41 77.5365
5763.47 77.3252
5752.57 77.1141
5741.63 77.3092
5730.73 77.0979
5719.86 76.8867
5709.01 76.6757
5698.2 76.4649
5687.42 76.2543
5676.66 76.0439
5665.88 76.2404
5655.13 76.0297
5644.41 75.8192
5633.71 75.609
5623.05 75.3989
5612.42 75.1889
5601.76 75.3865
5591.12 75.1763
5580.52 74.9664
5569.95 74.7566
5559.41 74.547
5548.89 74.3376
5538.35 74.5362
5527.84 74.3266
5517.36 74.1171
5506.91 73.9079
5496.49 73.6988
5486.09 73.4899
5475.67 73.6895
5465.28 73.4804
5454.92 73.2715
5444.59 73.0627
5434.28 72.8542
5424.01 72.6458
5413.71 72.8464
5403.43 72.6378
5393.19 72.4294
5382.98 72.2211
5372.79 72.0131
5362.58 72.2144
5352.4 72.0062
5342.24 71.7981
5332.12 71.5902
5322.02 71.3824
5311.96 71.1749
5301.86 71.3773
5291.8 71.1695
5281.76 70.9619
5271.76 70.7545
5261.78 70.5472
5251.83 70.3402
5241.86 70.5436
5231.91 70.3363
5221.99 70.1292
5212.1 69.9223
5202.24 69.7156
5192.36 69.9197
5182.5 69.7128
5172.67 69.506
5162.87 69.2994
5153.1 69.093
5143.35 68.8867
5133.58 69.0919
5123.84 68.8855
5114.13 68.6792
5104.44 68.4731
5094.79 68.2671
5085.11 68.473
5075.45 68.2669
5065.83 68.0609
5056.23 67.8551
5046.66 67.6495
5037.07 67.8561
5027.5 67.6503
5017.96 67.4446
5008.45 67.2391
4998.97 67.0338
4989.52 66.8287
4980.04 67.0364
4970.59 66.831
4961.17 66.6258
4951.77 66.4208
4942.41 66.216
4933.02 66.4244
4923.65 66.2193
4914.32 66.0144
4905.01 65.8097
4895.73 65.6052
4886.42 65.8143
4877.14 65.6096
4867.89 65.405
4858.67 65.2006
4849.48 64.9963
4840.26 65.2062
4831.07 65.0018
4821.9 64.7975
4812.77 64.5934
4803.66 64.3894
4794.53 64.6
4785.42 64.3959
4776.34 64.1919
4767.29 63.9881
4758.27 63.7844
4749.28 63.5809
4740.26 63.7925
4731.27 63.5889
4722.3 63.3853
4713.37 63.182
4704.4 63.394
4695.47 63.1905
4686.56 62.987
4677.68 62.7838
4668.83 62.5807
4659.95 62.7935
4651.1 62.5902
4642.27 62.3871
4633.48 62.1842
4624.71 61.9814
4615.92 62.1949
4607.15 61.9919
4598.41 61.7891
4589.7 61.5864
4581.02 61.3839
4572.31 61.5981
4563.63 61.3954
4554.97 61.1929
4546.35 60.9905
4537.75 60.7883
4529.13 61.0032
4520.53 60.8008
4511.96 60.5985
4503.42 60.3964
4494.9 60.1945
4486.36 60.4101
4477.84 60.208
4469.36 60.006
4460.9 59.8041
4452.47 59.6025
4444.01 59.8188
4435.58 59.6169
4427.18 59.4152
4418.8 59.2137
4410.4 59.4305
4402.02 59.2287
4393.68 59.0271
4385.36 58.8256
4377.07 58.6244
4368.74 58.8419
4360.45 58.6404
4352.19 58.439
4343.95 58.2378
4335.74 58.0368
4327.5 58.255
4319.29 58.0538
4311.11 57.8527
4302.96 57.6518
4294.78 57.8704
4286.62 57.6693
4278.49 57.4683
4270.39 57.2675
4262.32 57.0669
4254.22 57.2862
4246.15 57.0853
4238.1 56.8846
4230.09 56.6841
4222.04 56.9039
4214.02 56.7031
4206.03 56.5025
4198.07 56.302
4190.13 56.1017
4182.17 56.3222
4174.23 56.1217
4166.32 55.9213
4158.44 55.7211
4150.53 55.942
4142.65 55.7416
4134.79 55.5414
4126.97 55.3412
4119.17 55.1413
4111.34 55.3629
4103.54 55.1627
4095.77 54.9627
4088.02 54.7628
4080.25 54.9849
4072.5 54.7848
4064.78 54.5849
4057.09 54.3851
4049.42 54.1855
4041.73 54.4082
4034.06 54.2084
4026.43 54.0087
4018.82 53.8092
4011.17 54.0323
4003.56 53.8326
3995.98 53.633
3988.42 53.4336
3980.83 53.6571
3973.27 53.4575
3965.74 53.258
3958.24 53.0586
3950.7 53.2826
3943.19 53.0831
3935.72 52.8836
3928.26 52.6844
3920.84 52.4852
3913.39 52.7099
3905.96 52.5106
3898.56 52.3114
3891.19 52.1124
3883.79 52.3375
3876.42 52.1382
3869.07 51.9391
3861.76 51.7401
3854.41 51.9657
3847.09 51.7665
3839.79 51.5675
3832.53 51.3686
3825.23 51.5946
3817.96 51.3955
3810.72 51.1965
3803.51 50.9977
3796.33 50.799
3789.11 51.0257
3781.92 50.8268
3774.76 50.6281
3767.63 50.4295
3760.47 50.6565
3753.33 50.4577
3746.22 50.2591
3739.14 50.0606
3732.03 50.288
3724.95 50.0893
3717.89 49.8907
3710.87 49.6923
3703.81 49.9202
3696.77 49.7215
3689.77 49.523
3682.8 49.3246
3675.79 49.5529
3668.81 49.3543
3661.86 49.1559
3654.93 48.9576
3647.98 49.1863
3641.05 48.9878
3634.15 48.7894
3627.28 48.5912
3620.37 48.8203
3613.5 48.6218
3606.65 48.4235
3599.83 48.2254
3592.98 48.4549
3586.15 48.2565
3579.35 48.0583
3572.59 47.8601
3565.79 48.0901
3559.01 47.8918
3552.27 47.6936
3545.55 47.4955
3538.8 47.7259
3532.08 47.5276
3525.39 47.3295
3518.72 47.1315
3512.02 47.3623
3505.35 47.1641
3498.71 46.966
3492.1 46.7681
3485.45 46.9992
3478.83 46.8011
3472.24 46.6031
3465.68 46.4052
3459.08 46.6368
3452.52 46.4387
3445.98 46.2408
3439.46 46.0429
3432.92 46.2749
3426.4 46.0769
3419.92 45.879
3413.46 45.6812
3406.96 45.9136
3400.5 45.7156
3394.06 45.5178
3387.65 45.3201
3381.21 45.5528
3374.79 45.3549
3368.41 45.1571
3362.05 44.9594
3355.66 45.1926
3349.3 44.9947
3342.96 44.797
3336.59 45.0303
3330.25 44.8323
3323.94 44.6345
3317.65 44.4368
3311.34 44.6705
3305.05 44.4726
3298.79 44.2749
3292.55 44.0772
3286.29 44.3113
3280.05 44.1135
3273.84 43.9157
3267.65 43.7181
3261.44 43.9526
3255.25 43.7548
3249.09 43.5571
3242.96 43.3595
3236.79 43.5944
3230.66 43.3967
3224.55 43.199
3218.41 43.4341
3212.29 43.2362
3206.2 43.0385
3200.15 42.8409
3194.05 43.0763
3187.99 42.8785
3181.95 42.6808
3175.95 42.4832
3169.9 42.719
3163.89 42.5212
3157.91 42.3236
3151.89 42.5596
3145.9 42.3617
3139.93 42.164
3134 41.9663
3128.03 42.2027
3122.09 42.0049
3116.18 41.8071
3110.29 41.6096
3104.37 41.8463
3098.48 41.6485
3092.62 41.4508
3086.73 41.6877
3080.86 41.4898
3075.02 41.2921
3069.21 41.0944
3063.36 41.3317
3057.55 41.1339
3051.76 40.9361
3045.99 40.7385
3040.2 40.9762
3034.43 40.7783
3028.69 40.5806
3022.92 40.8184
3017.18 40.6205
3011.46 40.4227
3005.77 40.225
3000.05 40.4632
2994.35 40.2653
2988.69 40.0675
2983.05 39.8699
2977.38 40.1085
2971.73 39.9106
2966.12 39.7128
2960.47 39.9516
2954.85 39.7536
2949.25 39.5557
2943.69 39.358
2938.09 39.5971
2932.51 39.3992
2926.97 39.2013
2921.39 39.4406
2915.84 39.2426
2910.32 39.0446
2904.83 38.8468
2899.3 39.0864
2893.8 38.8884
2888.33 38.6905
2882.82 38.9303
2877.34 38.7322
2871.9 38.5342
2866.47 38.3363
2861.02 38.5764
2855.59 38.3783
2850.19 38.1803
2844.76 38.4206
2839.35 38.2224
2833.97 38.0244
2828.63 37.8264
2823.24 38.067
2817.89 37.8689
2812.56 37.6708
2807.2 37.9116
2801.86 37.7133
2796.56 37.5151
2791.28 37.3171
2785.97 37.5583
2780.69 37.36
2775.43 37.1618
2770.14 37.4032
2764.88 37.2048
2759.65 37.0065
2754.44 36.8084
2749.2 37.0501
2743.99 36.8517
2738.81 36.6534
2733.59 36.8953
2728.4 36.6968
2723.24 36.4984
2718.04 36.7404
2712.87 36.5419
2707.73 36.3434
2702.62 36.145
2697.48 36.3874
2692.36 36.1888
2687.27 35.9904
2682.14 36.2329
2677.05 36.0342
2671.98 35.8356
2666.94 35.6372
2661.87 35.88
2656.82 35.6814
2651.8 35.4828
2646.75 35.7258
2641.72 35.527
2636.73 35.3284
2631.7 35.5715
2626.7 35.3727
2621.72 35.1739
2616.77 34.9752
2611.79 35.2187
2606.84 35.0198
2601.92 34.8211
2596.96 35.0647
2592.03 34.8657
2587.12 34.6668
2582.19 34.9106
2577.28 34.7115
2572.4 34.5126
2567.55 34.3137
2562.66 34.5578
2557.8 34.3587
2552.97 34.1597
2548.1 34.404
2543.27 34.2048
2538.46 34.0057
2533.61 34.2501
2528.8 34.0508
2524.01 33.8516
2519.25 33.6525
2514.46 33.8973
2509.69 33.6979
2504.95 33.4987
2500.18 33.7436
2495.44 33.5442
2490.72 33.3449
2485.97 33.5899
2481.25 33.3904
2476.56 33.191
2471.83 33.4362
2467.13 33.2365
2462.45 33.037
2457.81 32.8375
2453.13 33.0831
2448.48 32.8834
2443.86 32.6838
2439.2 32.9295
2434.57 32.7297
2429.97 32.53
2425.34 32.7759
2420.73 32.576
2416.15 32.3762
2411.54 32.6222
2406.95 32.4222
2402.4 32.2223
2397.87 32.0224
2393.3 32.2688
2388.77 32.0688
2384.26 31.8688
2379.72 32.1153
2375.21 31.9151
2370.72 31.7151
2366.2 31.9617
2361.71 31.7615
2357.25 31.5613
2352.75 31.808
2348.28 31.6077
2343.84 31.4074
2339.36 31.6543
2334.91 31.4538
2330.49 31.2534
2326.1 31.0531
2321.67 31.3003
2317.28 31.0998
2312.91 30.8994
2308.5 31.1468
2304.12 30.9461
2299.78 30.7456
2295.39 30.9931
2291.04 30.7924
2286.71 30.5917
2282.35 30.8393
2278.02 30.6385
2273.71 30.4377
2269.37 30.6855
2265.06 30.4845
2260.78 30.2836
2256.46 30.5315
2252.17 30.3305
2247.91 30.1295
2243.62 30.3775
2239.35 30.1763
2235.11 29.9752
2230.9 29.7741
2226.65 30.0225
2222.44 29.8213
2218.25 29.6201
2214.02 29.8686
2209.83 29.6673
2205.66 29.466
2201.46 29.7146
2197.28 29.5131
2193.14 29.3117
2188.96 29.5605
2184.81 29.3589
2180.68 29.1574
2176.52 29.4063
2172.39 29.2046
2168.29 29.003
2164.16 29.252
2160.05 29.0502
2155.97 28.8484
2151.85 29.0976
2147.77 28.8956
2143.71 28.6938
2139.61 28.9431
2135.55 28.741
2131.51 28.539
2127.44 28.7884
2123.4 28.5862
2119.39 28.3841
2115.34 28.6337
2111.32 28.4314
2107.32 28.2291
2103.3 28.4789
2099.3 28.2764
2095.33 28.074
2091.32 28.3239
2087.34 28.1213
2083.4 27.9188
2079.41 28.1688
2075.46 27.9661
2071.53 27.7635
2067.57 28.0136
2063.64 27.8108
2059.73 27.6081
2055.79 27.8583
2051.88 27.6554
2048 27.4525
2044.08 27.7029
2040.19 27.4998
2036.33 27.2968
2032.44 27.5473
2028.57 27.3442
2024.73 27.141
2020.86 27.3917
2017.01 27.1884
2013.19 26.9851
2009.34 27.2359
2005.52 27.0325
2001.73 26.8291
1997.9 27.08
1994.1 26.8764
1990.32 26.6729
1986.52 26.924
1982.74 26.7203
1978.99 26.5166
1975.2 26.7678
1971.44 26.564
1967.72 26.3602
1963.95 26.6115
1960.22 26.4076
1956.51 26.2037
1952.77 26.4551
1949.06 26.2511
1945.38 26.047
1941.66 26.2986
1937.97 26.0944
1934.3 25.8902
1930.61 26.1419
1926.94 25.9376
1923.3 25.7333
1919.63 25.9851
1915.98 25.7807
1912.36 25.5762
1908.71 25.8282
1905.09 25.6236
1901.49 25.4191
1897.86 25.6712
1894.26 25.4664
1890.69 25.2617
1887.08 25.514
1883.5 25.3091
1879.95 25.1043
1876.36 25.3566
1872.81 25.1516
1869.28 24.9467
1865.71 25.1992
1862.18 24.994
1858.67 24.7889
1855.13 25.0415
1851.62 24.8363
1848.14 24.631
1844.62 24.8838
1841.13 24.6784
1837.6 24.9311
1834.11 24.7255
1830.64 24.5199
1827.13 24.7727
1823.66 24.567
1820.21 24.3613
1816.73 24.6143
1813.28 24.4084
1809.86 24.2026
1806.4 24.4557
1802.97 24.2497
1799.57 24.0437
1796.13 24.2969
1792.73 24.0908
1789.35 23.8847
1785.94 24.138
1782.55 23.9317
1779.2 23.7255
1775.81 23.979
1772.44 23.7725
1769.11 23.5662
1765.74 23.8197
1762.4 23.6132
1759.03 23.8667
1755.68 23.66
1752.36 23.4533
1749.01 23.707
1745.69 23.5001
1742.39 23.2932
1739.06 23.547
1735.76 23.34
1732.49 23.133
1729.18 23.3869
1725.91 23.1798
1722.66 22.9727
1719.37 23.2267
1716.12 23.0194
1712.89 22.8121
1709.63 23.0663
1706.4 22.8589
1703.13 23.113
1699.89 22.9054
1696.68 22.6978
1693.43 22.952
1690.22 22.7442
1687.03 22.5365
1683.81 22.7909
1680.61 22.583
1677.45 22.3751
1674.25 22.6296
1671.08 22.4215
1667.94 22.2135
1664.76 22.4681
1661.61 22.2599
1658.43 22.5145
1655.27 22.3061
1652.15 22.0978
1648.98 22.3525
1645.85 22.1439
1642.75 21.9355
1639.61 22.1903
1636.5 21.9816
1633.43 21.773
1630.31 22.0279
1627.22 21.8191
1624.1 22.074
1621.01 21.865
1617.95 21.656
1614.85 21.911
1611.78 21.7019
1608.74 21.4928
1605.66 21.7479
1602.62 21.5386
1599.6 21.3294
1596.55 21.5846
1593.53 21.3752
1590.53 21.1658
1587.5 21.4212
1584.5 21.2116
1581.47 21.4669
1578.46 21.2572
1575.49 21.0474
1572.47 21.3029
1569.49 21.093
1566.54 20.8831
1563.55 21.1387
1560.59 20.9286
1557.59 21.1842
1554.63 20.9739
1551.69 20.7637
1548.72 21.0194
1545.77 20.809
1542.86 20.5986
1539.91 20.8544
1536.99 20.6438
1534.1 20.4333
1531.18 20.6892
1528.28 20.4785
1525.35 20.7344
1522.45 20.5235
1519.57 20.3127
1516.66 20.5687
1513.78 20.3576
1510.94 20.1466
1508.05 20.4027
1505.19 20.1915
1502.37 19.9804
1499.51 20.2366
1496.68 20.0253
1493.81 20.2815
1490.97 20.0699
1488.16 19.8584
1485.32 20.1148
1482.5 19.9031
1479.72 19.6914
1476.89 19.9479
1474.1 19.736
1471.28 19.9924
1468.48 19.7804
1465.71 19.5684
1462.91 19.825
1460.13 19.6128
1457.39 19.4006
1454.61 19.6573
1451.86 19.445
1449.07 19.7016
1446.32 19.4891
1443.59 19.2766
1440.83 19.5333
1438.1 19.3206
1435.4 19.108
1432.66 19.3648
1429.95 19.152
1427.2 19.4088
1424.49 19.1958
1421.8 18.9829
1419.08 19.2398
1416.39 19.0266
1413.73 18.8135
1411.03 19.0705
1408.37 18.8572
1405.66 19.1142
1402.99 18.9007
1400.35 18.6872
1397.67 18.9444
1395.02 18.7307
1392.4 18.5171
1389.75 18.7743
1387.12 18.5605
1384.46 18.8177
1381.83 18.6037
1379.23 18.3897
1376.59 18.6471
1373.99 18.4329
1371.34 18.6902
1368.73 18.4759
1366.15 18.2616
1363.53 18.5189
1360.94 18.3045
1358.38 18.09
1355.79 18.3475
1353.22 18.1329
1350.62 18.3903
1348.05 18.1755
1345.51 17.9607
1342.93 18.2183
1340.39 18.0033
1337.87 17.7883
1335.32 18.046
1332.8 17.8309
1330.24 18.0886
1327.71 17.8732
1325.22 17.6579
1322.68 17.9157
1320.18 17.7002
1317.64 17.958
1315.13 17.7423
1312.65 17.5266
1310.14 17.7845
1307.65 17.5687
1305.2 17.3529
1302.71 17.6108
1300.25 17.3948
1297.75 17.6528
1295.28 17.4366
1292.85 17.2204
1290.38 17.4785
1287.94 17.2622
1285.46 17.5202
1283.01 17.3037
1280.6 17.0872
1278.14 17.3453
1275.72 17.1286
1273.33 16.912
1270.9 17.1702
1268.5 16.9534
1266.07 17.2116
1263.66 16.9946
1261.29 16.7775
1258.88 17.0359
1256.5 16.8187
1254.09 17.077
1251.7 16.8596
1249.35 16.6423
1246.96 16.9007
1244.6 16.6831
1242.21 16.9415
1239.84 16.7238
1237.51 16.5061
1235.14 16.7646
1232.8 16.5467
1230.49 16.3288
1228.14 16.5875
1225.83 16.3694
1223.47 16.628
1221.15 16.4097
1218.86 16.1915
1216.54 16.4502
1214.24 16.2318
1211.91 16.4905
1209.61 16.2719
1207.34 16.0533
1205.03 16.3121
1202.76 16.0933
1200.44 16.3521
1198.16 16.1332
1195.91 15.9142
1193.62 16.1731
1191.37 15.954
1189.07 16.2128
1186.81 15.9936
1184.58 15.7743
1182.31 16.0332
1180.08 15.8138
1177.8 16.0727
1175.56 15.8531
1173.35 15.6334
1171.1 15.8925
1168.89 15.6727
1166.63 15.9317
1164.41 15.7117
1162.22 15.4917
1159.99 15.7508
1157.8 15.5307
1155.57 15.7898
1153.36 15.5694
1151.19 15.3491
1148.99 15.6083
1146.81 15.3878
1144.6 15.647
1142.41 15.4263
1140.26 15.2056
1138.08 15.4649
1135.92 15.244
1133.73 15.5033
1131.57 15.2823
1129.44 15.0612
1127.27 15.3206
1125.14 15.0994
1122.96 15.3587
1120.82 15.1373
1118.71 14.916
1116.57 15.1754
1114.45 14.9538
1112.3 15.2133
1110.18 14.9915
1108.09 14.7698
1105.97 15.0293
1103.87 14.8074
1101.74 15.0669
1099.64 14.8448
1097.57 14.6227
1095.47 14.8823
1093.4 14.6601
1091.29 14.9197
1089.21 14.6972
1087.16 14.4748
1085.08 14.7345
1083.02 14.5118
1080.94 14.7715
1078.88 14.5487
1076.85 14.3259
1074.79 14.5857
1072.76 14.3627
1070.69 14.6225
1068.65 14.3993
1066.65 14.1761
1064.61 14.436
1062.6 14.2127
1060.55 14.4725
1058.54 14.249
1056.55 14.0255
1054.53 14.2854
1052.54 14.0617
1050.52 14.3216
1048.52 14.0978
1046.56 13.8739
1044.56 14.1339
1042.6 13.9099
1040.59 14.1699
1038.62 13.9456
1036.61 14.2056
1034.63 13.9812
1032.69 13.7568
1030.71 14.0169
1028.76 13.7923
1026.77 14.0524
1024.81 13.8276
1022.89 13.6029
1020.93 13.863
1019 13.6381
1017.03 13.8982
1015.1 13.6731
1013.2 13.448
1011.26 13.7082
1009.35 13.4829
1007.41 13.7432
1005.5 13.5177
1003.62 13.2922
1001.7 13.5525
999.817 13.3269
997.896 13.5872
996.006 13.3613
994.08 13.6216
992.185 13.3956
990.323 13.1696
988.423 13.43
986.556 13.2038
984.652 13.4641
982.78 13.2378
980.94 13.0114
979.063 13.2719
977.218 13.0453
975.336 13.3058
973.487 13.079
971.669 12.8523
969.815 13.1128
967.992 12.8859
966.133 13.1464
964.306 12.9193
962.442 13.1799
960.61 12.9526
958.811 12.7253
956.974 12.9859
955.17 12.7584
953.329 13.019
951.52 12.7914
949.743 12.5638
947.929 12.8245
946.148 12.5966
944.33 12.8573
942.544 12.6293
940.721 12.89
938.93 12.6618
937.172 12.4336
935.376 12.6944
933.613 12.466
931.814 12.7268
930.046 12.4982
928.311 12.2696
926.539 12.5305
924.799 12.3018
923.022 12.5626
921.278 12.3337
919.497 12.5945
917.748 12.3654
916.032 12.1363
914.279 12.3972
912.558 12.1679
910.8 12.4288
909.075 12.1994
907.313 12.4603
905.583 12.2307
903.886 12.001
902.152 12.262
900.45 12.0322
898.712 12.2931
897.006 12.0631
895.332 11.8331
893.622 12.0942
891.944 11.864
890.229 12.125
888.547 11.8947
886.828 12.1557
885.142 11.9252
883.488 11.6946
881.797 11.9557
880.139 11.725
878.444 11.9861
876.781 11.7552
875.082 12.0163
873.415 11.7852
871.781 11.5541
870.11 11.8153
868.472 11.584
866.797 11.8452
865.154 11.6138
863.475 11.8749
861.828 11.6433
860.215 11.4117
858.564 11.6729
856.946 11.4411
855.291 11.7023
853.669 11.4703
852.01 11.7316
850.383 11.4994
848.79 11.2672
847.16 11.5285
845.562 11.2962
843.928 11.5575
842.326 11.3249
840.757 11.0924
839.152 11.3538
837.579 11.121
835.969 11.3824
834.392 11.1495
832.779 11.4109
831.198 11.1778
829.65 10.9447
828.065 11.2062
826.513 10.9729
824.925 11.2343
823.369 11.0009
821.776 11.2623
820.216 11.0287
818.69 10.795
817.126 11.0565
815.596 10.8227
814.028 11.0842
812.494 10.8502
810.922 11.1117
809.384 10.8775
807.809 11.139
806.266 10.9047
804.757 10.6703
803.211 10.9319
801.699 10.6973
800.149 10.9589
798.632 10.7242
797.079 10.9857
795.558 10.7508
794.071 10.5159
792.547 10.7775
791.056 10.5424
789.528 10.8041
788.033 10.5688
786.502 10.8304
785.003 10.595
783.538 10.3595
782.036 10.6212
780.567 10.3855
779.062 10.6473
777.589 10.4114
776.08 10.6731
774.604 10.4371
773.161 10.2011
771.682 10.4629
770.235 10.2266
768.752 10.4884
767.302 10.252
765.815 10.5138
764.362 10.2772
762.871 10.539
761.414 10.3023
759.991 10.0655
758.53 10.3274
757.103 10.0904
755.639 10.3522
754.209 10.1151
752.741 10.377
751.307 10.1397
749.907 9.90234
748.47 10.1643
747.066 9.92676
745.625 10.1887
744.218 9.95099
742.773 10.2129
741.363 9.97505
739.985 9.73715
738.571 9.99915
737.191 9.76108
735.773 10.0231
734.39 9.78483
732.969 10.0468
731.582 9.8084
730.158 10.0704
728.767 9.83179
727.41 9.59316
726.017 9.85521
724.657 9.61642
723.26 9.87846
721.897 9.63949
720.496 9.90153
719.13 9.66239
717.726 9.92441
716.357 9.68511
715.021 9.44575
713.648 9.70786
712.309 9.46833
710.933 9.73044
709.591 9.49074
708.211 9.75283
706.866 9.51297
705.555 9.27304
704.206 9.53523
702.892 9.29513
701.54 9.55731
700.222 9.31705
698.868 9.57921
697.547 9.33878
696.189 9.60093
694.865 9.36033
693.576 9.11967
692.249 9.38192
690.956 9.14109
689.626 9.40332
688.33 9.16233
686.998 9.42455
685.699 9.18339
684.363 9.4456
683.061 9.20427
681.794 8.96287
680.489 9.22518
679.219 8.98361
677.911 9.24591
676.638 9.00417
675.327 9.26646
674.051 9.02456
672.738 9.28683
671.459 9.04476
670.214 8.80263
668.932 9.06499
667.684 8.82269
666.399 9.08505
665.149 8.84258
663.861 9.10492
662.608 8.86228
661.317 9.12462
660.061 8.88181
658.768 9.14414
657.509 8.90116
656.285 8.65812
655.023 8.92054
653.796 8.67733
652.532 8.93974
651.302 8.69636
650.035 8.95876
648.802 8.71521
647.533 8.9776
646.298 8.73388
645.097 8.49009
643.859 8.75258
642.656 8.50862
641.416 8.77109
640.21 8.52697
638.967 8.78944
637.758 8.54514
636.513 8.8076
635.302 8.56314
634.125 8.31861
632.912 8.58115
631.733 8.33645
630.517 8.59899
629.335 8.35412
628.116 8.61665
626.933 8.37161
625.712 8.63413
624.525 8.38892
623.302 8.65144
622.113 8.40606
620.959 8.16061
619.768 8.42321
618.611 8.1776
617.417 8.44019
616.259 8.19441
615.063 8.45699
613.901 8.21104
612.703 8.47362
611.539 8.22749
610.339 8.49006
609.173 8.24377
608.042 7.9974
606.874 8.26006
605.741 8.01352
604.57 8.27618
603.435 8.02947
602.262 8.29212
601.124 8.04524
599.949 8.30788
598.809 8.06083
597.632 8.32347
596.49 8.07625
595.383 7.82896
594.238 8.09168
593.129 7.84422
591.983 8.10693
590.871 7.8593
589.722 8.12201
588.609 7.87421
587.458 8.13691
586.342 7.88894
585.19 8.15164
584.072 7.9035
582.989 7.65528
581.87 7.91806
580.785 7.66968
579.663 7.93245
578.576 7.68389
577.453 7.94666
576.364 7.69794
575.238 7.9607
574.148 7.7118
573.02 7.97456
571.927 7.72549
570.87 7.47635
569.775 7.73919
568.716 7.48988
567.62 7.75271
566.559 7.50323
565.46 7.76606
564.397 7.5164
563.297 7.77923
562.232 7.5294
561.13 7.79222
560.064 7.54223
558.96 7.80504
557.892 7.55487
556.859 7.30463
555.788 7.56752
554.754 7.31711
553.682 7.58
552.645 7.32942
551.571 7.5923
550.533 7.34155
549.458 7.60443
548.418 7.3535
547.341 7.61638
546.299 7.36528
545.22 7.62815
544.177 7.37688
543.169 7.12553
542.124 7.38849
541.115 7.13697
540.069 7.39992
539.058 7.14822
538.01 7.41117
536.997 7.15931
535.947 7.42225
534.933 7.17021
533.882 7.43315
532.867 7.18095
531.814 7.44388
530.797 7.1915
529.816 6.93904
528.797 7.20206
527.814 6.94943
526.794 7.21244
525.81 6.95964
524.789 7.22264
523.803 6.96967
522.78 7.23267
521.793 6.97952
520.769 7.24252
519.78 6.98921
518.755 7.2522
517.765 6.99871
516.811 6.74514
515.82 7.00821
514.865 6.75447
513.872 7.01754
512.916 6.76363
511.922 7.02669
510.964 6.77261
509.969 7.03567
509.01 6.78141
508.014 7.04447
507.054 6.79004
506.056 7.0531
505.095 6.79849
504.096 7.06155
503.133 6.80677
502.207 6.55191
501.243 6.81504
500.315 6.56001
499.35 6.82314
498.422 6.56793
497.456 6.83106
496.526 6.57568
495.558 6.8388
494.627 6.58325
493.659 6.84637
492.727 6.59065
491.758 6.85377
490.825 6.59787
489.855 6.86099
488.92 6.60492
488.023 6.34877
487.088 6.61196
486.189 6.35563
485.253 6.61882
484.353 6.36232
483.416 6.6255
482.515 6.36883
481.577 6.63201
480.676 6.37517
479.737 6.63835
478.834 6.38133
477.895 6.64451
476.991 6.38732
476.051 6.6505
475.147 6.39313
474.205 6.65631
473.301 6.39877
472.432 6.14114
471.526 6.40439
470.657 6.14659
469.751 6.40984
468.881 6.15186
467.973 6.41511
467.103 6.15696
466.195 6.42021
465.323 6.16188
464.415 6.42513
463.543 6.16663
462.633 6.42987
461.76 6.17121
460.85 6.43445
459.977 6.1756
459.067 6.43884
458.193 6.17983
457.281 6.44307
456.407 6.18388
455.569 5.92459
454.694 6.18791
453.855 5.92845
452.98 6.19176
452.141 5.93213
451.265 6.19544
450.425 5.93563
449.549 6.19894
448.709 5.93896
447.832 6.20227
446.991 5.94212
446.114 6.20542
445.273 5.9451
444.395 6.2084
443.554 5.9479
442.675 6.2112
441.834 5.95053
440.955 6.21383
440.113 5.95298
439.308 5.69204
438.466 5.95541
437.661 5.69429
436.818 5.95767
436.013 5.69637
435.17 5.95974
434.364 5.69828
433.521 5.96165
432.715 5.7
431.871 5.96338
431.065 5.70156
430.221 5.96493
429.415 5.70294
428.571 5.96631
427.764 5.70414
426.921 5.96751
426.114 5.70517
425.27 5.96854
424.463 5.70602
423.618 5.96939
422.811 5.7067
421.967 5.97007
421.16 5.70721
420.39 5.44424
419.583 5.70768
418.813 5.44454
418.006 5.70798
417.236 5.44466
416.428 5.7081
415.658 5.4446
414.851 5.70804
414.081 5.44438
413.274 5.70782
412.504 5.44397
411.697 5.70741
410.927 5.44339
410.12 5.70683
409.35 5.44264
408.543 5.70608
407.774 5.44171
406.967 5.70515
406.198 5.4406
405.391 5.70404
404.622 5.43932
403.815 5.70276
403.046 5.43787
402.24 5.70131
401.471 5.43623
400.665 5.69967
399.897 5.43443
399.166 5.16907
398.397 5.43258
397.667 5.16705
396.899 5.43056
396.168 5.16486
395.4 5.42837
394.67 5.16249
393.903 5.426
393.173 5.15994
392.406 5.42345
391.677 5.15722
390.91 5.42073
390.181 5.15432
389.415 5.41783
388.687 5.15124
387.921 5.41476
387.193 5.14799
386.428 5.41151
385.7 5.14457
384.935 5.40808
384.208 5.14096
383.444 5.40448
382.717 5.13719
381.954 5.4007
381.228 5.13323
380.464 5.39675
379.739 5.1291
378.976 5.39262
378.252 5.1248
377.49 5.38832
376.766 5.12031
376.079 4.8522
375.356 5.11579
374.67 4.8475
373.947 5.11109
373.263 4.84262
372.54 5.10621
371.856 4.83757
371.135 5.10116
370.452 4.83233
369.731 5.09592
369.048 4.82693
368.328 5.09052
367.646 4.82134
366.927 5.08494
366.246 4.81558
365.528 5.07918
364.848 4.80964
364.13 5.07324
363.451 4.80353
362.734 5.06713
362.056 4.79724
361.34 5.06084
360.663 4.79077
359.948 5.05437
359.271 4.78413
358.558 5.04773
357.882 4.77731
357.169 5.04091
356.494 4.77031
355.783 5.03392
355.109 4.76314
354.398 5.02674
353.725 4.75579
353.016 5.0194
352.344 4.74826
351.635 5.01187
350.965 4.74056
350.257 5.00417
349.588 4.73267
348.881 4.99629
348.213 4.72462
347.508 4.98823
346.841 4.71638
346.212 4.44441
345.546 4.70809
344.919 4.43595
344.254 4.69963
343.628 4.4273
342.965 4.69099
342.34 4.41848
341.678 4.68217
341.054 4.40948
340.393 4.67317
339.771 4.40031
339.112 4.66399
338.491 4.39095
337.832 4.65464
337.213 4.38142
336.556 4.64511
335.937 4.37171
335.282 4.63541
334.665 4.36182
334.011 4.62552
333.395 4.35176
332.743 4.61546
332.129 4.34152
331.477 4.60522
330.865 4.3311
330.215 4.5948
329.604 4.3205
328.956 4.5842
328.346 4.30972
327.7 4.57343
327.092 4.29877
326.446 4.56248
325.84 4.28764
325.196 4.55135
324.592 4.27633
323.95 4.54004
323.346 4.26484
322.706 4.52855
322.105 4.25317
321.466 4.51689
320.866 4.24132
320.229 4.50505
319.631 4.2293
318.995 4.49303
318.399 4.2171
317.765 4.48083
317.171 4.20472
316.539 4.46845
315.946 4.19216
315.316 4.45589
314.725 4.17942
314.096 4.44316
313.507 4.16651
312.88 4.43024
312.293 4.15341
311.668 4.41715
311.083 4.14014
310.46 4.40388
309.876 4.12669
309.256 4.39043
308.674 4.11305
308.055 4.3768
307.475 4.09924
306.858 4.363
306.28 4.08526
305.665 4.34901
305.09 4.07109
304.477 4.33484
303.903 4.05674
303.292 4.3205
302.72 4.04221
302.111 4.30598
301.542 4.02751
300.935 4.29127
300.367 4.01262
299.763 4.27639
299.197 3.99756
298.595 4.26133
298.031 3.98231
297.431 4.24609
296.87 3.96689
296.272 4.23067
295.713 3.95129
295.117 4.21507
294.56 3.9355
293.966 4.19929
293.412 3.91954
292.82 4.18333
292.268 3.9034
291.679 4.16719
291.129 3.88707
290.542 4.15087
289.995 3.87057
289.41 4.13437
288.865 3.85389
288.283 4.11769
287.74 3.83703
287.16 4.10083
286.62 3.81998
286.043 4.08379
285.505 3.80276
284.93 4.06657
284.394 3.78535
283.822 4.04917
283.289 3.76777
282.719 4.03159
282.188 3.75001
281.621 4.01383
281.093 3.73206
280.528 3.99588
280.003 3.71393
279.44 3.97776
278.917 3.69563
278.357 3.95946
277.837 3.67714
277.28 3.94097
276.763 3.65847
276.208 3.92231
275.693 3.63962
275.141 3.90346
274.629 3.62059
274.08 3.88443
273.571 3.60137
273.024 3.86522
272.517 3.58198
271.973 3.84583
271.47 3.5624
270.929 3.82626
270.428 3.54265
269.889 3.80651
269.391 3.52271
268.856 3.78657
268.36 3.50259
267.828 3.76645
267.335 3.48228
266.805 3.74616
266.316 3.4618
265.789 3.72567
265.302 3.44113
264.778 3.70501
264.295 3.42029
263.774 3.68417
263.293 3.39925
262.775 3.66314
262.297 3.37804
261.782 3.64193
261.307 3.35665
260.795 3.62054
260.324 3.33507
259.815 3.59896
259.346 3.31331
258.84 3.57721
258.375 3.29136
257.872 3.55527
257.41 3.26924
256.91 3.53314
256.451 3.24693
255.954 3.51084
255.498 3.22443
255.005 3.48835
254.474 3.75222
253.984 3.46558
253.457 3.72945
252.97 3.44262
252.446 3.7065
251.962 3.41949
251.441 3.68337
250.961 3.39617
250.443 3.66005
249.966 3.37267
249.452 3.63656
248.978 3.34898
248.467 3.61288
247.997 3.32511
247.49 3.58901
247.023 3.30106
246.519 3.56496
246.055 3.27683
245.554 3.54073
245.095 3.25241
244.597 3.51632
244.141 3.2278
243.647 3.49172
243.194 3.20302
242.704 3.46693
242.254 3.17804
241.767 3.44197
241.322 3.15289
240.838 3.41682
240.396 3.12755
239.916 3.39148
239.478 3.10202
239.002 3.36596
238.567 3.07632
238.094 3.34026
237.663 3.05042
237.194 3.31437
236.766 3.02434
236.301 3.28829
235.877 2.99808
235.416 3.26203
234.996 2.97163
234.538 3.23559
234.122 2.945
233.668 3.20896
233.255 2.91818
232.805 3.18214
232.318 3.44607
231.872 3.15505
231.388 3.41898
230.946 3.12777
230.466 3.39171
230.028 3.10031
229.552 3.36425
229.117 3.07266
228.646 3.33661
228.215 3.04483
227.747 3.30878
227.32 3.01681
226.856 3.28076
226.434 2.98861
225.974 3.25256
225.555 2.96022
225.099 3.22418
224.685 2.93164
224.233 3.19561
223.822 2.90288
223.374 3.16685
222.968 2.87393
222.524 3.13791
222.122 2.8448
221.682 3.10878
221.284 2.81548
220.848 3.07946
220.454 2.78597
220.023 3.04995
219.633 2.75627
219.206 3.02026
218.821 2.72639
218.398 2.99038
217.938 3.25434
217.519 2.96023
217.063 3.22419
216.649 2.92989
216.197 3.19386
215.787 2.89937
215.339 3.16334
214.934 2.86866
214.491 3.13263
214.089 2.83776
213.651 3.10173
213.254 2.80667
212.82 3.07065
212.427 2.77539
211.997 3.03938
211.609 2.74393
211.184 3.00792
210.8 2.71228
210.379 2.97628
210 2.68044
209.584 2.94444
209.209 2.64842
208.797 2.91242
208.427 2.6162
208.02 2.88021
207.655 2.5838
207.252 2.84781
206.812 3.11179
206.414 2.81514
205.978 3.07912
205.585 2.78228
205.154 3.04627
204.765 2.74924
204.339 3.01323
203.955 2.716
203.534 2.98
203.154 2.68258
202.738 2.94658
202.363 2.64896
201.951 2.91297
201.581 2.61516
201.174 2.87917
200.809 2.58117
200.407 2.84518
200.046 2.54699
199.649 2.81101
199.293 2.51262
198.901 2.77664
198.55 2.47806
198.163 2.74209
197.817 2.44331
197.434 2.70734
197.014 2.97134
196.636 2.67232
196.221 2.93633
195.848 2.63712
195.438 2.90112
195.07 2.60172
194.664 2.86573
194.301 2.56614
193.901 2.83015
193.543 2.53036
193.148 2.79438
192.795 2.4944
192.405 2.75842
192.058 2.45824
191.673 2.72227
191.33 2.42189
190.95 2.68593
190.613 2.38535
190.238 2.6494
189.906 2.34862
189.537 2.61267
189.13 2.87668
188.766 2.57568
188.364 2.83969
188.005 2.53849
187.609 2.80251
187.255 2.50112
186.864 2.76514
186.515 2.46355
186.13 2.72758
185.787 2.42579
185.406 2.68983
185.069 2.38784
184.694 2.65188
184.361 2.3497
183.992 2.61375
183.665 2.31137
183.3 2.57542
182.979 2.27284
182.62 2.5369
182.304 2.23412
181.951 2.49818
181.56 2.76221
181.213 2.4592
180.827 2.72324
180.485 2.42003
180.106 2.68407
179.769 2.38067
179.395 2.64471
179.064 2.34111
178.695 2.60515
178.37 2.30136
178.007 2.56541
177.687 2.26141
177.33 2.52547
177.016 2.22128
176.665 2.48534
176.356 2.18095
176.01 2.44501
175.708 2.14042
175.368 2.40449
174.99 2.66853
174.656 2.36371
174.284 2.62775
173.956 2.32273
173.59 2.58678
173.267 2.28156
172.907 2.54561
172.591 2.24019
172.236 2.50425
171.925 2.19863
171.577 2.4627
171.272 2.15688
170.93 2.42095
170.631 2.11493
170.294 2.379
170.001 2.07279
169.671 2.33687
169.303 2.60091
168.978 2.29446
168.617 2.55851
168.298 2.25186
167.942 2.51592
167.63 2.20907
167.28 2.47313
166.974 2.16608
166.63 2.43015
166.33 2.1229
165.992 2.38697
165.698 2.07952
165.367 2.3436
165.079 2.03595
164.754 2.30003
164.472 1.99218
164.153 2.25627
163.796 2.52033
163.483 2.21224
163.133 2.4763
162.827 2.16801
162.483 2.43208
162.182 2.12359
161.845 2.38767
161.551 2.07897
161.219 2.34305
160.932 2.03416
160.607 2.29825
160.325 1.98915
160.007 2.25324
159.732 1.94395
159.42 2.20804
159.07 2.47211
158.764 2.16258
158.421 2.42665
158.122 2.11691
157.785 2.38099
157.492 2.07106
157.162 2.33514
156.875 2.025
156.552 2.28909
156.272 1.97875
155.955 2.24284
155.681 1.9323
155.371 2.19639
155.104 1.88565
154.8 2.14975
154.459 2.41382
154.161 2.10284
153.826 2.36692
153.536 2.05574
153.208 2.31982
152.924 2.00844
152.602 2.27253
152.325 1.96094
152.01 2.22503
151.74 1.91324
151.432 2.17734
151.168 1.86535
150.867 2.12945
150.61 1.81725
150.315 2.08136
149.984 2.34544
149.696 2.03301
149.371 2.29709
149.091 1.98445
148.773 2.24855
148.499 1.9357
148.188 2.1998
147.921 1.88676
147.617 2.15086
147.357 1.83761
147.06 2.10171
146.807 1.78826
146.517 2.05237
146.189 2.31645
145.906 2.00276
145.585 2.26685
145.309 1.95296
144.996 2.21705
144.726 1.90295
144.42 2.16705
144.158 1.85275
143.859 2.11685
143.604 1.80235
143.311 2.06646
143.064 1.75174
142.779 2.01586
142.538 1.70093
142.26 1.96505
141.945 2.22915
141.674 1.91399
141.366 2.17809
141.103 1.86273
140.802 2.12683
140.546 1.81126
140.252 2.07537
140.003 1.7596
139.717 2.02371
139.476 1.70773
139.197 1.97185
138.963 1.65567
138.691 1.91979
138.382 2.18389
138.118 1.86747
137.817 2.13157
137.56 1.81494
137.266 2.07905
137.017 1.76221
136.73 2.02633
136.489 1.70928
136.21 1.9734
135.975 1.65615
135.704 1.92028
135.477 1.60282
135.213 1.86695
134.912 2.13105
134.655 1.81336
134.361 2.07747
134.113 1.75956
133.826 2.02368
133.585 1.70557
133.307 1.96969
133.073 1.65137
132.802 1.9155
132.576 1.59697
132.313 1.8611
132.013 2.12521
131.757 1.80644
131.464 2.07055
131.217 1.75158
130.932 2.0157
130.692 1.69652
130.414 1.96064
130.182 1.64125
129.913 1.90538
129.689 1.58578
129.427 1.84991
129.211 1.5301
128.957 1.79424
128.666 2.05835
128.42 1.73831
128.137 2.00242
127.899 1.68217
127.624 1.94629
127.394 1.62583
127.126 1.88996
126.904 1.56929
126.645 1.83342
126.431 1.51254
126.18 1.77668
125.891 2.04079
125.648 1.71967
125.368 1.98379
125.133 1.66246
124.86 1.92659
124.633 1.60504
124.369 1.86918
124.15 1.54742
123.894 1.81156
123.683 1.4896
123.435 1.75374
123.233 1.43157
122.993 1.69571
122.716 1.95983
122.484 1.63742
122.215 1.90155
121.992 1.57893
121.731 1.84306
121.516 1.52023
121.264 1.78437
121.057 1.46133
120.813 1.72547
120.615 1.40221
120.379 1.66636
120.106 1.93049
119.879 1.60699
119.614 1.87112
119.395 1.54742
119.139 1.81155
118.929 1.48764
118.681 1.75178
118.479 1.42765
118.24 1.69179
118.047 1.36745
117.816 1.6316
117.548 1.89573
117.326 1.57115
117.066 1.83528
116.852 1.51049
116.601 1.77463
116.396 1.44962
116.154 1.71377
115.958 1.38855
115.724 1.6527
115.536 1.32727
115.311 1.59142
115.049 1.85555
114.832 1.52988
114.579 1.79402
114.371 1.46813
114.126 1.73228
113.927 1.40618
113.691 1.67033
113.501 1.34401
113.274 1.60817
113.009 1.8723
112.79 1.54575
112.534 1.80988
112.324 1.48312
112.077 1.74726
111.876 1.42028
111.638 1.68443
111.446 1.35723
111.217 1.62138
111.034 1.29397
110.814 1.55813
110.556 1.82227
110.345 1.49462
110.096 1.75876
109.894 1.4309
109.654 1.69504
109.46 1.36696
109.23 1.63112
109.046 1.30282
108.824 1.56698
108.649 1.23847
108.436 1.50263
108.186 1.76677
107.983 1.43802
107.742 1.70217
107.548 1.3732
107.317 1.63735
107.132 1.30817
106.909 1.57233
106.733 1.24293
106.52 1.50709
106.27 1.77123
106.066 1.44159
105.825 1.70574
105.63 1.37588
105.398 1.64004
105.213 1.30996
104.99 1.57412
104.814 1.24383
104.601 1.50799
104.435 1.17749
104.231 1.44166
103.99 1.7058
103.795 1.37506
103.563 1.63921
103.378 1.30824
103.156 1.5724
102.98 1.24122
102.767 1.50538
102.601 1.17398
102.398 1.43815
102.157 1.7023
101.963 1.37066
101.732 1.63481
101.548 1.30295
101.326 1.56711
101.152 1.23504
100.94 1.4992
100.775 1.1669
100.572 1.43107
100.333 1.69522
100.14 1.36268
99.9098 1.62684
99.7267 1.29408
99.5064 1.55824
99.3331 1.22527
99.1225 1.48943
98.9589 1.15624
98.7581 1.42041
98.5198 1.68456
98.3288 1.35112
98.1003 1.61528
97.9191 1.28162
97.7005 1.54578
97.5291 1.21191
97.3203 1.47607
97.1588 1.14198
96.96 1.40615
96.8084 1.07184
96.6194 1.33601
96.3931 1.60017
96.2142 1.26561
95.9978 1.52977
95.8288 1.195
95.6225 1.45916
95.4635 1.12417
95.2671 1.38834
95.1182 1.05313
94.9319 1.3173
94.7083 1.58146
94.532 1.246
94.3185 1.51016
94.1524 1.17448
93.9489 1.43865
93.793 1.10275
93.5997 1.36692
93.4539 1.0308
93.2707 1.29498
93.0503 1.55913
92.8773 1.22277
92.667 1.48693
92.5044 1.15035
92.3043 1.41452
92.1519 1.07771
91.9621 1.34188
91.82 1.00485
91.6406 1.26903
91.4237 1.53319
91.2546 1.19592
91.0481 1.46008
90.8894 1.12259
90.6932 1.38676
90.5449 1.04904
90.3592 1.31322
90.1361 1.57738
89.9608 1.23941
89.7482 1.50358
89.5834 1.16539
89.3812 1.42956
89.2269 1.09115
89.0352 1.35532
88.8914 1.01669
88.7103 1.28087
88.4918 1.54503
88.3212 1.20616
88.1133 1.47032
87.9533 1.13122
87.756 1.39539
87.6066 1.05607
87.4199 1.32025
87.2812 0.980702
87.1051 1.24488
86.8917 1.50904
86.7264 1.16925
86.5237 1.43342
86.369 1.09341
86.177 1.35758
86.0332 1.01734
85.8519 1.28152
85.7188 0.941055
85.5484 1.20524
85.3406 1.4694
85.181 1.12869
84.984 1.39287
84.8352 1.05193
84.6491 1.31611
84.5112 0.974948
84.336 1.23913
84.209 0.897744
84.0447 1.16193
83.843 1.4261
83.6897 1.08447
83.4989 1.34864
83.3566 1.00679
83.1768 1.27097
83.0454 0.928884
82.8767 1.19307
82.6706 1.45723
82.513 1.11491
82.3179 1.37908
82.1713 1.03653
81.9874 1.3007
81.8519 0.957923
81.6791 1.2221
81.5548 0.879098
81.3931 1.14328
81.194 1.40746
81.0435 1.0642
80.8557 1.32838
80.7164 0.984898
80.5397 1.24908
80.4117 0.905372
80.2463 1.16956
80.0436 1.43373
79.8894 1.08977
79.698 1.35395
79.5552 1.00976
79.375 1.27394
79.2435 0.929536
79.0747 1.19372
78.9546 0.849083
78.7972 1.11327
78.6024 1.37744
78.4564 1.03256
78.273 1.29674
78.1384 0.951626
77.9665 1.21581
77.8434 0.870469
77.6829 1.13466
77.4851 1.39883
77.3361 1.05324
77.1498 1.31742
77.0124 0.971599
76.8376 1.23578
76.7118 0.889736
76.5486 1.15392
76.4344 0.807648
76.2828 1.07184
76.0939 1.33601
75.954 0.989491
75.7767 1.25367
75.6484 0.90692
75.4828 1.17111
75.3662 0.824124
75.2123 1.08831
75.021 1.35249
74.8789 1.00526
74.6994 1.26944
74.569 0.921978
74.4012 1.18616
74.2826 0.838473
74.1267 1.10266
73.9334 1.36684
73.7893 1.0189
73.6079 1.28308
73.4756 0.934906
73.3061 1.19909
73.1858 0.85069
73.0281 1.11488
72.9197 0.766248
72.774 1.03044
72.5909 1.29462
72.4572 0.945738
72.2861 1.20992
72.1643 0.860811
72.0052 1.125
71.8955 0.775656
71.7485 1.03985
71.5641 1.30403
71.4291 0.954433
71.2567 1.21862
71.1339 0.868791
70.9736 1.13298
70.8629 0.782923
70.7148 1.04711
70.5294 1.31129
70.3935 0.960985
70.2202 1.22517
70.0965 0.874629
69.9355 1.13882
69.824 0.788045
69.6752 1.05224
69.5761 0.701232
69.4395 0.965428
69.2656 1.22961
69.1414 0.878356
68.9798 1.14254
68.868 0.791055
68.7187 1.05525
68.6192 0.703525
68.4824 0.967721
68.3082 1.2319
68.1837 0.879931
68.0219 1.14412
67.9099 0.791912
67.7606 1.0561
67.661 0.703664
67.5242 0.96786
67.3499 1.23204
67.2256 0.879351
67.0639 1.14354
66.952 0.790612
66.8029 1.0548
66.7036 0.701644
66.5671 0.96584
66.3931 1.23002
66.2691 0.876611
66.1078 1.1408
65.9965 0.787151
65.8478 1.05134
65.7492 0.697462
65.6132 0.961658
65.4398 1.22584
65.3165 0.871707
65.1559 1.1359
65.0454 0.781525
64.8975 1.04572
64.7997 0.691112
64.6646 0.955309
64.4922 1.21949
64.3699 0.864635
64.2103 1.12882
64.1008 0.773729
63.954 1.03792
63.8575 0.682592
63.7236 0.946789
63.5524 1.21097
63.4314 0.85539
63.2731 1.11958
63.165 0.76376
63.0197 1.02795
62.9247 0.671897
62.7923 0.936094
62.6225 1.20028
62.5032 0.843969
62.3465 1.10816
62.2402 0.751612
62.0965 1.01581
62.0033 0.659021
61.8727 0.92322
61.7048 1.18741
61.5874 0.830367
61.4326 1.09456
61.3283 0.737281
61.1867 1.00148
61.0956 0.643962
60.9672 0.908161
60.8014 1.17235
60.6862 0.814579
60.5336 1.07877
60.4317 0.720764
60.2924 0.98496
60.2038 0.626714
60.0778 0.890914
59.9144 1.1551
59.8018 0.796602
59.6517 1.06079
59.5525 0.702055
59.4158 0.966252
59.3299 0.607274
59.2067 0.871475
59.0461 1.13566
58.9363 0.77643
58.7891 1.04062
58.6928 0.681151
58.5591 0.945349
58.4763 0.585636
58.3561 0.849838
58.1985 1.11403
58.0919 0.754059
57.9479 1.01825
57.8548 0.658046
57.7244 0.922245
57.645 0.561796
57.5281 0.825998
57.374 1.09019
57.2708 0.729485
57.1303 0.993681
57.0408 0.632736
56.9139 0.896936
56.8382 0.535749
56.725 0.799953
56.5746 1.06415
56.4752 0.702702
56.3384 0.9669
56.2528 0.605215
56.1299 0.869417
55.9696 1.13361
55.8604 0.771665
55.714 1.03586
55.6187 0.673676
55.486 0.937875
55.4047 0.57545
55.2859 0.839653
55.1298 1.10384
55.025 0.741161
54.8828 1.00536
54.792 0.642433
54.6637 0.906633
54.5869 0.543466
54.4727 0.80767
54.3211 1.07186
54.2209 0.708438
54.0833 0.972636
53.9972 0.608968
53.8737 0.87317
53.8017 0.509259
53.6923 0.773464
53.5456 1.03766
53.4503 0.67349
53.3177 0.937689
53.2367 0.573277
53.1182 0.83748
53.0514 0.472823
52.9471 0.737029
52.8055 1.00123
52.7155 0.636311
52.5882 0.900512
52.5125 0.535353
52.3994 0.799557
52.249 1.06375
52.1502 0.698333
52.0141 0.962531
51.9297 0.596869
51.8079 0.861071
51.7379 0.495164
51.6305 0.75937
51.4857 1.02357
51.3928 0.657399
51.2624 0.921599
51.1839 0.555187
51.068 0.819391
51.004 0.452734
50.9026 0.716941
50.7639 0.981139
50.677 0.614222
50.5528 0.878424
50.4805 0.511261
50.3708 0.775467
50.2238 1.03966
50.1287 0.672238
49.9963 0.936438
49.9158 0.568769
49.798 0.832973
49.7323 0.465058
49.6291 0.729264
49.4886 0.993462
49.4002 0.625286
49.2744 0.889487
49.2007 0.521065
49.0897 0.78527
49.0307 0.4166
48.9345 0.680808
48.8008 0.945007
48.7194 0.576077
48.6005 0.84028
48.5339 0.471102
48.4299 0.735309
48.2886 0.999506
48.1995 0.630066
48.073 0.894267
47.9988 0.52458
47.8872 0.788785
47.828 0.41885
47.7314 0.683058
47.5974 0.947257
47.5158 0.57706
47.3969 0.841263
47.3303 0.470818
47.2263 0.735024
47.085 0.999222
46.9961 0.628513
46.8699 0.892715
46.7961 0.521758
46.6849 0.785963
46.6263 0.414757
46.5303 0.678966
46.3969 0.943166
46.316 0.571697
46.1978 0.835901
46.1322 0.464182
46.0292 0.72839
45.8888 0.992587
45.801 0.620605
45.6759 0.884808
45.6034 0.512576
45.4936 0.776782
45.4364 0.404301
45.3418 0.66851
45.2099 0.93271
45.1307 0.559965
45.0142 0.82417
44.9504 0.451174
44.8492 0.715382
44.7107 0.97958
44.6249 0.60632
44.5018 0.870523
44.4315 0.497013
44.3239 0.761219
44.2691 0.387458
44.1769 0.651667
44.0474 0.915869
43.9708 0.541842
43.8568 0.806048
43.7957 0.43177
43.6973 0.695979
43.5615 0.960178
43.4787 0.585635
43.3585 0.849839
43.2913 0.475045
43.1868 0.739252
43.1353 0.364205
43.0464 0.628416
42.9202 0.892618
42.847 0.517306
42.7365 0.781512
42.6791 0.405947
42.5843 0.670157
42.4522 0.934357
42.3732 0.558527
42.2568 0.822732
42.1936 0.446648
42.0931 0.710857
42.0458 0.33452
41.9611 0.598731
41.8391 0.862935
41.7703 0.486332
41.6642 0.750539
41.6113 0.373683
41.5211 0.637893
41.3935 0.902095
41.3193 0.524972
41.2077 0.789178
41.1495 0.411801
41.0539 0.67601
40.9209 0.940211
40.8413 0.562566
40.7244 0.826771
40.6609 0.448873
40.5601 0.713081
40.5127 0.334928
40.428 0.599139
40.3059 0.863343
40.2373 0.484922
40.1314 0.74913
40.079 0.370454
39.9892 0.634664
39.8621 0.898867
39.7886 0.519923
39.6777 0.784129
39.6204 0.40493
39.5258 0.66914
39.4848 0.289684
39.4065 0.553897
39.2908 0.818102
39.2288 0.438378
39.1294 0.702587
39.0838 0.322608
39.0008 0.586819
38.8805 0.851024
38.8139 0.470775
38.71 0.734983
38.6598 0.354478
38.5723 0.618689
38.4475 0.882892
38.3765 0.502118
38.2681 0.766325
38.2136 0.385294
38.1217 0.649504
38.0838 0.268215
38.0085 0.532428
37.8958 0.796635
37.8371 0.415076
37.7411 0.679286
37.699 0.29747
37.6196 0.561682
37.5028 0.825888
37.44 0.443802
37.3399 0.708011
37.2938 0.325666
37.2104 0.589878
37.0896 0.854083
37.023 0.471468
36.9189 0.735676
36.869 0.352803
36.7818 0.617014
36.6571 0.881218
36.5867 0.498073
36.4789 0.762281
36.4253 0.378878
36.3344 0.643089
36.2977 0.259426
36.2236 0.52364
36.1122 0.787846
36.0551 0.403913
35.9606 0.668123
35.9204 0.28393
35.8429 0.548143
35.728 0.812349
35.6675 0.427883
35.5697 0.692093
35.5262 0.307368
35.4453 0.57158
35.3272 0.835786
35.2634 0.450788
35.1623 0.714997
35.1157 0.32974
35.0317 0.593952
34.9103 0.858156
34.8435 0.472625
34.7392 0.736834
34.6896 0.351043
34.6026 0.615255
34.5702 0.229202
34.5004 0.493416
34.3933 0.757624
34.3407 0.371298
34.2509 0.635509
34.2157 0.248922
34.1431 0.513136
34.0332 0.777343
33.9779 0.390482
33.8854 0.654693
33.8475 0.26757
33.7723 0.531784
33.6597 0.795991
33.602 0.408594
33.5068 0.672804
33.4665 0.285145
33.3888 0.549359
33.2737 0.813565
33.2135 0.425631
33.116 0.689841
33.0733 0.301645
32.9933 0.565858
32.8759 0.830064
32.8135 0.441592
32.7136 0.705802
32.6688 0.317068
32.5866 0.58128
32.5594 0.192282
32.4949 0.456497
32.3929 0.720706
32.3461 0.331433
32.2618 0.595645
32.2327 0.206108
32.1662 0.470322
32.0623 0.734531
32.0135 0.344718
31.9274 0.60893
31.8965 0.218853
31.8281 0.483067
31.7225 0.747276
31.672 0.356922
31.5841 0.621134
31.5515 0.230516
31.4816 0.49473
31.3743 0.758938
31.3222 0.368043
31.2328 0.632255
31.1987 0.241095
31.1272 0.505309
31.0184 0.769517
30.9649 0.37808
30.8741 0.642291
30.8387 0.250588
30.7659 0.514802
30.6557 0.77901
30.601 0.38703
30.5089 0.651241
30.4722 0.258995
30.3982 0.523209
30.2869 0.787416
30.231 0.394892
30.1378 0.659103
30.1002 0.266312
30.0251 0.530526
29.9127 0.794734
29.8559 0.401664
29.7618 0.665875
29.7232 0.272539
29.6473 0.536753
29.6271 0.143149
29.5695 0.407365
29.4745 0.671576
29.4352 0.277693
29.3586 0.541907
29.3377 0.147757
29.2794 0.411972
29.1838 0.676184
29.1439 0.281754
29.0667 0.545968
29.0453 0.15127
28.9866 0.415486
28.8905 0.679697
28.8502 0.28472
28.7726 0.548934
28.7508 0.153687
28.6917 0.417903
28.5953 0.682114
28.5547 0.286588
28.4768 0.550802
28.4549 0.155007
28.3956 0.419223
28.299 0.683434
28.2583 0.287358
28.1803 0.551572
28.1584 0.155227
28.0991 0.419443
28.0024 0.683654
27.9618 0.287028
27.8838 0.551242
27.862 0.154346
27.8028 0.418561
27.7063 0.682773
27.6659 0.285595
27.5881 0.549809
27.5666 0.152361
27.5076 0.416577
27.4114 0.680789
27.3713 0.283059
27.2939 0.547273
27.2728 0.149273
27.2144 0.413489
27.1185 0.6777
27.079 0.279418
27.0021 0.543632
26.9816 0.145078
26.9237 0.409294
26.8285 0.673505
26.7896 0.274669
26.7134 0.538883
26.6937 0.139775
26.6365 0.403991
26.542 0.668203
26.504 0.268812
26.4286 0.533026
26.4098 0.133362
26.3535 0.397579
26.2599 0.66179
26.2229 0.261844
26.1485 0.526058
26.1307 0.125838
26.0756 0.390055
25.983 0.654267
25.9471 0.253763
25.8739 0.517978
25.8573 0.117201
25.8034 0.381417
25.7121 0.64563
25.6775 0.244569
25.6055 0.508784
25.5903 0.107449
25.5378 0.371665
25.4478 0.635878
25.4147 0.234259
25.3442 0.498474
25.3306 0.0965797
25.2795 0.360796
25.1912 0.625009
25.1596 0.222831
25.0908 0.487046
25.0788 0.0845922
25.0295 0.348809
24.9428 0.613022
24.913 0.210283
24.8459 0.474499
24.7415 0.738709
24.694 0.335684
24.6091 0.599898
24.5813 0.196598
24.5162 0.460814
24.4136 0.725024
24.3682 0.321438
24.2854 0.585652
24.2597 0.18179
24.1966 0.446006
24.0961 0.710217
24.0529 0.306068
23.9722 0.570282
23.9487 0.165858
23.8879 0.430074
23.7897 0.694285
23.7488 0.289573
23.6705 0.553788
23.6494 0.148799
23.591 0.413016
23.4952 0.677228
23.4568 0.271952
23.381 0.536167
23.3625 0.130613
23.3066 0.39483
23.2134 0.659042
23.1776 0.253201
23.1045 0.517416
23.0887 0.111297
23.0356 0.375514
22.9451 0.639727
22.9122 0.23332
22.8418 0.497535
22.8289 0.0908495
22.7787 0.355067
22.6911 0.61928
22.6611 0.212306
22.5937 0.476522
22.5839 0.0692683
22.5368 0.333486
22.4522 0.597699
22.4254 0.190157
22.3611 0.454374
22.3545 0.0465515
22.3106 0.310769
22.2292 0.574983
22.2057 0.166872
22.1447 0.431089
22.0464 0.6953
22.0058 0.286899
21.9278 0.551114
21.9077 0.142433
21.8502 0.40665
21.7553 0.670862
21.7183 0.261891
21.6439 0.526107
21.6273 0.116855
21.5735 0.381072
21.4822 0.645285
21.4489 0.235743
21.3782 0.499958
21.3654 0.090135
21.3153 0.354352
21.2278 0.618566
21.1983 0.208452
21.1315 0.472668
21.1227 0.0622717
21.0765 0.326489
20.993 0.590703
20.9675 0.180016
20.9047 0.444233
20.9 0.0332627
20.8579 0.29748
20.7785 0.561695
20.7572 0.150434
20.6986 0.414651
20.6026 0.678863
20.5648 0.267309
20.4896 0.531524
20.4727 0.119688
20.4184 0.383905
20.3267 0.648118
20.2933 0.235989
20.2226 0.500205
20.2102 0.0877928
20.1604 0.35201
20.0733 0.616224
20.0445 0.203519
19.9783 0.467735
19.9706 0.0547457
19.9255 0.318963
19.843 0.583178
19.819 0.169895
19.7576 0.434112
19.7547 0.0205448
19.7144 0.284763
19.6368 0.548978
19.6177 0.135117
19.5612 0.399334
19.4673 0.663547
19.4321 0.249391
19.3594 0.513607
19.3454 0.099167
19.294 0.363385
19.2053 0.627598
19.1752 0.212863
19.1077 0.47708
19.0989 0.062059
19.0528 0.326277
18.9693 0.590491
18.9445 0.175176
18.8824 0.439393
18.879 0.0237907
18.8383 0.288009
18.7602 0.552224
18.7409 0.136327
18.6842 0.400544
18.5902 0.664757
18.5551 0.248564
18.4826 0.51278
18.4689 0.0962997
18.418 0.360517
18.3296 0.624731
18.3002 0.207955
18.2334 0.472172
18.2256 0.0551081
18.1805 0.319326
18.0979 0.583541
18.0744 0.166181
18.0136 0.430398
18.0118 0.0127494
17.9726 0.276968
17.8961 0.541183
17.8786 0.123238
17.8238 0.387456
17.7317 0.651669
17.6987 0.233426
17.6283 0.497642
17.6171 0.0791109
17.5686 0.343329
17.4826 0.607543
17.4559 0.188714
17.3919 0.452931
17.3871 0.0338124
17.345 0.298031
17.2655 0.562246
17.2453 0.142829
17.1877 0.407047
17.1895 -0.0126599
17.1539 0.251558
17.081 0.515775
17.0674 0.0957694
17.0165 0.359987
16.9282 0.624201
16.8994 0.203897
16.8332 0.468114
16.8265 0.0475191
16.7824 0.311737
16.7009 0.575952
16.679 0.155058
16.6197 0.419276
16.62 -0.0019097
16.5829 0.262309
16.5084 0.526525
16.4936 0.10504
16.4413 0.369258
16.3518 0.633472
16.3218 0.211686
16.2545 0.475903
16.2469 0.0538254
16.2019 0.318044
16.1196 0.582259
16.097 0.159881
16.037 0.424098
16.0368 0.00142811
15.9992 0.265647
15.9243 0.529863
15.9092 0.106891
15.8567 0.371109
15.8641 -0.0521552
15.8341 0.212063
15.7667 0.47628
15.7593 0.0527146
15.7145 0.316933
15.6323 0.581148
15.61 0.15728
15.5504 0.421498
15.5508 -0.00266352
15.5138 0.261555
15.4394 0.525771
15.4251 0.101308
15.3734 0.365526
15.3818 -0.0592325
15.3528 0.204986
15.2865 0.469203
15.2802 0.0441426
15.2366 0.308361
15.1556 0.572577
15.1348 0.147213
15.0766 0.41143
15.0786 -0.0142285
15.0433 0.24999
14.9706 0.514207
14.9581 0.0882443
14.9082 0.352463
14.821 0.616677
14.7941 0.190411
14.7298 0.454628
14.7258 0.0280661
14.6845 0.292285
14.6058 0.556501
14.5875 0.129634
14.5318 0.393852
14.5365 -0.0333103
14.5038 0.230908
14.4338 0.495125
14.4242 0.0676581
14.3773 0.331877
14.293 0.596092
14.2692 0.168319
14.208 0.432537
14.2074 0.00446734
14.1694 0.268686
14.094 0.532902
14.0792 0.104527
14.0271 0.368746
14.0356 -0.059927
14.0067 0.204292
13.9404 0.468509
13.9348 0.0395307
13.8919 0.303749
13.8116 0.567965
13.7919 0.13868
13.735 0.402898
13.7387 -0.0266852
13.7051 0.237534
13.6342 0.501751
13.624 0.0718605
13.5765 0.336079
13.4916 0.600294
13.4675 0.170097
13.4061 0.434315
13.4056 0.00381825
13.3677 0.268037
13.2924 0.532254
13.2781 0.10145
13.2263 0.365668
13.2356 -0.0654356
13.2075 0.198783
13.142 0.463001
13.1375 0.0315894
13.0957 0.295808
13.0165 0.560024
12.9984 0.128304
12.9429 0.392522
12.9484 -0.0394981
12.9167 0.224721
12.8475 0.488938
12.8395 0.0566088
12.7941 0.320828
12.7114 0.585043
12.6898 0.152404
12.6309 0.416623
12.6332 -0.0163171
12.5982 0.247902
12.5258 0.512119
12.5146 0.0788695
12.4661 0.343088
12.4789 -0.0904632
12.4543 0.173756
12.3924 0.437974
12.3918 0.00411286
12.3538 0.268332
12.2785 0.532549
12.2646 0.0983767
12.2133 0.362595
12.2235 -0.071879
12.1963 0.19234
12.1317 0.456558
12.1286 0.0217729
12.0882 0.285992
12.0104 0.550208
11.9941 0.115112
11.9405 0.37933
11.9484 -0.0560695
11.919 0.20815
11.8522 0.472367
11.847 0.036656
11.8044 0.300875
11.7245 0.565091
11.7062 0.129067
11.6506 0.393286
11.6567 -0.0430417
11.6254 0.221177
11.5568 0.485395
11.5499 0.048755
11.5056 0.312974
11.424 0.57719
11.4042 0.140237
11.347 0.404455
11.3516 -0.0328026
11.3189 0.231417
11.2488 0.495634
11.2406 0.0580629
11.195 0.322282
11.2114 -0.115595
11.1903 0.148624
11.132 0.412843
11.1355 -0.0253475
11.1018 0.238872
11.0306 0.503089
11.0215 0.0645845
10.975 0.328804
10.9905 -0.110008
10.9687 0.154212
10.9095 0.41843
10.9125 -0.020695
10.878 0.243524
10.8062 0.507741
10.7966 0.0683011
10.7495 0.33252
10.7647 -0.107228
10.7425 0.156992
10.6829 0.42121
10.6856 -0.0188524
10.6509 0.245367
10.5788 0.509584
10.5691 0.0692055
10.5219 0.333425
10.5371 -0.107262
10.5149 0.156957
10.4553 0.421176
10.4581 -0.0198267
10.4235 0.244393
10.3516 0.50861
10.3421 0.0672906
10.2952 0.33151
10.3108 -0.110119
10.289 0.154101
10.2298 0.41832
10.2332 -0.0236252
10.1992 0.240594
10.1278 0.504812
10.1189 0.0625492
10.0727 0.326768
10.0891 -0.115804
10.0681 0.148416
10.0097 0.412635
10.014 -0.0302551
9.98093 0.233964
9.91048 0.498182
9.9027 0.0549741
9.85756 0.319193
9.87515 -0.124325
9.85536 0.139895
9.79821 0.404113
9.80383 -0.0397235
9.77208 0.224496
9.70297 0.488714
9.69667 0.0445579
9.653 0.308777
9.67219 -0.13569
9.65401 0.12853
9.59847 0.392749
9.60583 -0.0520379
9.57582 0.212182
9.50845 0.4764
9.50402 0.0312934
9.46223 0.295513
9.48343 -0.149906
9.46726 0.114314
9.41373 0.378533
9.42323 -0.0672055
9.39537 0.197014
9.33014 0.461232
9.328 0.0151732
9.28849 0.279393
9.21161 0.54361
9.19786 0.0972293
9.14674 0.361449
9.1588 -0.0852447
9.13349 0.178975
9.07081 0.443193
9.07135 -0.00382098
9.03452 0.260399
8.96033 0.524616
8.9494 0.0772795
8.90111 0.341499
8.91612 -0.106152
8.89376 0.158068
8.83404 0.422287
8.83768 -0.0256853
8.80394 0.238534
8.73284 0.502752
8.72514 0.0544571
8.68007 0.318677
8.69845 -0.129934
8.67946 0.134287
8.6231 0.398506
8.63023 -0.0504272
8.6 0.213792
8.5324 0.478011
8.52833 0.0287545
8.4869 0.292974
8.50904 -0.156598
8.49382 0.107622
8.44124 0.371841
8.45228 -0.0780544
8.42595 0.186165
8.36225 0.450384
8.36223 0.000164113
8.32484 0.264384
8.25009 0.528601
8.23905 0.0780566
8.19064 0.342276
8.206 -0.108585
8.18399 0.155635
8.12461 0.419854
8.12904 -0.0313324
8.09611 0.232887
8.02581 0.497105
8.01936 0.0455938
7.97554 0.309813
7.99563 -0.142016
7.97835 0.122204
7.9237 0.386424
7.93299 -0.0657314
7.90492 0.198489
7.83949 0.462707
7.83804 0.0102259
7.79923 0.274446
7.82445 -0.178355
7.81231 0.0858661
7.7628 0.350086
7.77737 -0.103041
7.75458 0.161179
7.69442 0.425398
7.69838 -0.0280549
7.66498 0.236165
7.59422 0.500383
7.58763 0.0466022
7.54367 0.310822
7.56394 -0.143279
7.54683 0.120942
7.49236 0.385161
7.50216 -0.0692669
7.47459 0.194953
7.40965 0.459172
7.40903 0.00441553
7.37103 0.268635
7.3974 -0.186442
7.3864 0.0777789
7.33804 0.341998
7.35407 -0.113407
7.33275 0.150813
7.27405 0.415032
7.27981 -0.040702
7.2482 0.223518
7.17922 0.487736
7.17474 0.0316725
7.1329 0.295892
7.15559 -0.160493
7.14092 0.103727
7.08889 0.367947
7.10144 -0.0887684
7.07663 0.175452
7.01445 0.439671
7.01691 -0.0173745
6.982 0.246845
6.90972 0.511063
6.90213 0.0536874
6.85717 0.317907
6.87694 -0.139792
6.85935 0.124429
6.80438 0.388648
6.81419 -0.069381
6.78664 0.194839
6.72172 0.459058
6.72162 0.000697023
6.68416 0.264917
6.71156 -0.193768
6.7016 0.0704529
6.65427 0.334673
6.67185 -0.124344
6.65207 0.139877
6.59492 0.404096
6.60273 -0.0552525
6.57318 0.208968
6.50626 0.473186
6.50435 0.0135051
6.46508 0.277725
6.49086 -0.182281
6.47927 0.0819397
6.43031 0.346159
6.44646 -0.114179
6.42524 0.150041
6.36666 0.41426
6.37322 -0.0464119
6.34242 0.217808
6.27425 0.482026
6.27128 0.0210208
6.23094 0.285241
6.25584 -0.176092
6.24338 0.0881295
6.19355 0.352349
6.20901 -0.109317
6.1871 0.154904
6.12783 0.419123
6.13389 -0.0428777
6.10259 0.221342
6.03392 0.485561
6.03064 0.0232255
5.98998 0.287445
6.01476 -0.175218
6.00218 0.0890035
5.95222 0.353223
5.96775 -0.109775
5.94591 0.154446
5.8867 0.418665
5.89302 -0.0446684
5.86197 0.219552
5.79355 0.48377
5.79071 0.0201006
5.7505 0.284321
5.77591 -0.179678
5.76395 0.0845432
5.71463 0.348763
5.73097 -0.115572
5.70995 0.148649
5.65156 0.412868
5.65889 -0.0518029
5.62885 0.212417
5.56144 0.476636
5.5598 0.0116273
5.52079 0.275847
5.54759 -0.189491
5.53702 0.0747299
5.48908 0.33895
5.50701 -0.126726
5.48756 0.137494
5.43075 0.401714
5.43984 -0.0643
5.41157 0.19992
5.34593 0.464139
5.34624 -0.00221326
5.30919 0.262007
5.33814 -0.204677
5.32972 0.0595445
5.28393 0.323764
5.30419 -0.143258
5.28708 0.120963
5.23261 0.385183
5.24423 -0.0821786
5.21849 0.182042
5.15537 0.446261
5.15841 -0.0214401
5.12407 0.24278
5.05237 0.506998
5.04686 0.0389573
5.00399 0.303177
5.02735 -0.165196
5.01334 0.0990251
4.96197 0.363245
4.97689 -0.105469
4.95444 0.158752
4.89462 0.422971
4.90114 -0.046083
4.87029 0.218137
4.80207 0.482356
4.80024 0.0129604
4.76104 0.277181
4.78827 -0.192549
4.77814 0.0716726
4.73063 0.335893
4.74961 -0.134178
4.73122 0.130043
4.67546 0.394262
4.68623 -0.0761502
4.65963 0.18807
4.59567 0.452289
4.59828 -0.0184656
4.56353 0.245755
4.59539 -0.225336
4.58989 0.038886
4.54703 0.303106
4.57083 -0.168327
4.55727 0.0958944
4.50634 0.360114
4.52214 -0.111661
4.50056 0.152559
4.44162 0.416779
4.44945 -0.0553405
4.41991 0.20888
4.353 0.473099
4.35291 0.000635486
4.31545 0.264856
4.34486 -0.207944
4.3369 0.0562774
4.29158 0.320498
4.31316 -0.152647
4.29739 0.111575
4.24424 0.375794
4.25806 -0.0976942
4.23451 0.166526
4.17359 0.430746
4.17968 -0.0430879
4.14841 0.221132
4.07977 0.485351
4.07819 0.011172
4.03924 0.275392
4.06741 -0.199125
4.0582 0.0650965
4.01163 0.329317
4.03221 -0.145546
4.01543 0.118675
3.96128 0.382894
3.97433 -0.0923147
3.95002 0.171906
3.88834 0.436125
3.89392 -0.0394304
3.86213 0.22479
3.79297 0.489009
3.79112 0.0131058
3.7519 0.277326
3.78003 -0.198917
3.7708 0.0653051
3.72419 0.329525
3.74499 -0.147065
3.72842 0.117157
3.67449 0.381376
3.688 -0.095561
3.66415 0.16866
3.60293 0.432879
3.60921 -0.0444066
3.57813 0.219814
3.50967 0.484033
3.50877 0.00639834
3.4705 0.270619
3.49982 -0.207357
3.49178 0.0568648
3.44637 0.321085
3.46861 -0.157239
3.45348 0.106982
3.40098 0.371202
3.41618 -0.107472
3.39402 0.156749
3.33448 0.420968
3.34269 -0.0580549
3.31354 0.206166
3.24701 0.470385
3.24828 -0.00898899
3.21219 0.255231
3.24394 -0.224486
3.23832 0.0397367
3.19533 0.303957
3.22024 -0.17611
3.20778 0.0881115
3.15795 0.352332
3.17606 -0.128086
3.15681 0.136135
3.10019 0.400355
3.11156 -0.0804145
3.08557 0.183806
3.02221 0.448025
3.02689 -0.0330953
2.9942 0.231125
3.02961 -0.250341
3.02764 0.0138818
2.98831 0.278102
3.01712 -0.203716
3.00857 0.0605063
2.96264 0.324727
2.98491 -0.157443
2.96981 0.106778
2.91734 0.370998
2.93311 -0.111525
2.91152 0.152696
2.85256 0.416916
2.86189 -0.0659603
2.83385 0.19826
2.76844 0.462479
2.77138 -0.0207502
2.73695 0.24347
2.7709 -0.240106
2.76749 0.0241162
2.72672 0.288337
2.75438 -0.195594
2.74467 0.0686281
2.6976 0.332848
2.71902 -0.151436
2.70307 0.112785
2.64975 0.377005
2.66497 -0.107634
2.64283 0.156587
2.58332 0.420806
2.59239 -0.0641881
2.5641 0.200033
2.49845 0.464252
2.50143 -0.0210984
2.46705 0.243122
2.50136 -0.242577
2.49829 0.0216457
2.45787 0.285866
2.48618 -0.200189
2.47712 0.0640334
2.4307 0.328254
2.45307 -0.158157
2.43807 0.106064
2.3857 0.370285
2.40217 -0.116483
2.38128 0.147738
2.32302 0.411958
2.33365 -0.0751669
2.30691 0.189054
2.24281 0.453273
2.24765 -0.034209
2.21512 0.230012
2.25158 -0.257822
2.25068 0.00640127
2.21241 0.270622
2.24318 -0.217569
2.23658 0.0466532
2.19261 0.310874
2.21774 -0.177675
2.2055 0.0865463
2.15589 0.350767
2.17543 -0.138141
2.1576 0.12608
2.1024 0.3903
2.1164 -0.0989663
2.09303 0.165255
2.03229 0.429474
2.0408 -0.0601517
2.01194 0.204069
1.94571 0.468288
1.94878 -0.0216978
1.91448 0.242523
1.94953 -0.247816
1.94721 0.0164066
1.90752 0.280627
1.93723 -0.210072
1.92957 0.0541503
1.88455 0.318371
1.90897 -0.172689
1.89603 0.0915329
1.84572 0.355753
1.8649 -0.135667
1.84672 0.128554
1.79118 0.392774
1.80518 -0.0990078
1.78181 0.165213
1.72108 0.429433
1.72995 -0.0627107
1.70145 0.20151
1.63559 0.465729
1.63937 -0.0267765
1.6058 0.237444
1.64192 -0.255417
1.64067 0.00880582
1.60206 0.273027
1.6332 -0.220197
1.62697 0.0440252
1.58338 0.308246
1.60959 -0.185341
1.59844 0.0788811
1.54992 0.343102
1.57125 -0.150848
1.55521 0.113373
1.50182 0.377594
1.51832 -0.11672
1.49746 0.147501
1.43924 0.411721
1.45097 -0.0829564
1.42533 0.181265
1.36233 0.445484
1.36934 -0.0495579
1.33898 0.214663
1.37868 -0.280737
1.38102 -0.0165138
1.34599 0.247707
1.38107 -0.248058
1.37878 0.0161649
1.33913 0.280386
1.36964 -0.215745
1.36279 0.0484778
1.31856 0.312698
1.34456 -0.183797
1.33318 0.0804247
1.28444 0.344645
1.30597 -0.152216
1.29013 0.112005
1.23692 0.376225
1.25404 -0.121003
1.23378 0.143219
1.17616 0.407439
1.18891 -0.0901561
1.16429 0.174065
1.10231 0.438285
1.11075 -0.0596774
1.08182 0.204544
1.12337 -0.29378
1.12755 -0.0295557
1.09436 0.234665
1.1317 -0.264026
1.13168 0.000197787
1.09428 0.264419
1.12746 -0.23464
1.12328 0.0295829
1.08173 0.293804
1.11081 -0.205623
1.10252 0.0585992
1.05687 0.32282
1.0819 -0.176976
1.06956 0.0872464
1.01985 0.351467
1.04088 -0.148698
1.02455 0.115524
0.970841 0.379744
0.987923 -0.12079
0.967639 0.143432
0.909988 0.407652
0.923176 -0.0932521
0.898998 0.170969
0.837453 0.435189
0.846799 -0.0660853
0.818778 0.198136
0.753391 0.462355
0.758947 -0.0392897
0.727137 0.224931
0.766322 -0.277078
0.76814 -0.0128542
0.732591 0.251367
0.76809 -0.251013
0.766222 0.0132098
0.726987 0.277431
0.758852 -0.225321
0.753351 0.0389019
0.710483 0.303123
0.738767 -0.2
0.729685 0.0642219
0.683236 0.328443
0.707992 -0.175053
0.695382 0.0891692
0.645405 0.35339
0.666686 -0.150478
0.6506 0.113744
0.597148 0.377964
0.615006 -0.126277
0.595498 0.137945
0.538623 0.402165
0.553112 -0.10245
0.530234 0.161772
0.469989 0.425992
